# -*- mode: fundamental -*-
# Copy/paste from PDF via XReader PDF viewer
# https://www.rivm.nl/sites/default/files/2021-06/Tabel%20coronavirus%20varianten%2025%20juni%202021.pdf
Weeknummer
Aantal onderzochte monsters
Alpha, B.1.1.7 (Verenigd Koninkrijk)
Alpha B1.1.7 met E484K mutatie
Beta, B.1.351 (Zuid-Afrika)
Gamma, P.1 (Brazilië)
Delta, B.1.617.2 (India)
Kappa, B.1.617.1 (India)
Eta, B.1.525 + E484K + F888L
B.1.620
B.1.621 (Colombia)
Epsilon, B.1.427/4.29 (Californië)
Theta P.3 (Filipijnen)
B.1.616 (Frankrijk)
Totaal
2021/23 2021/22 2021/21 2021/20 2021/19 2021/18 2021/17 2021/16 2021/15 2021/14 2021/13 2021/12 2021/11 2021/10 2021/9
2021/8
2021/7
2021/6
2021/5
2021/4
2021/3
2021/2
2021/1 2020/53 2020/52 2020/51 2020/50 2020/49
837
902
645
964
303
1041
357
1037
209
1516
257
1361
1635
1665
1723
1543
1649
1531
1718
1600
1563
1974
203
1269
127
1179
77
29463
578
651
395
290
223
157
61
45
9
5
1
1
1
795
1267
23687
501
1102
1223
1308
1579
1611
1674
1484
1594
1460
1629
1494
1403
1724
50
4
3
3
6
4
2
4
7
6
2
3
0
0
1
2
1
1
0
1
0
0
0
0
0
0
0
0
0
8
12
18
7
19
3
28
3
40
0
39
438
0
55
56
25
19
32
32
20
14
3
3
0
1
1
0
0
0
0
1
0
0
0
0
0
0
0
0
0
1
3
11
16
33
31
35
27
27
21
23
15
23
23
15
21
336
10
0
0
0
0
0
0
0
0
0
0
0
0
0
136
55
37
18
8
10
1
5
1
1
0
0
0
0
0
0
6
3
0
0
0
0
0
0
0
1
2
0
0
0
0
0
0
0
0
0
0
0
0
0
0
0
0
0
0
1
2
0
0
0
0
0
0
0
4
0
0
0
7
1
0
0
1
0
1
4
1
2
1
0
2
5
1
33
1
0
0
0
0
0
1
0
0
0
0
0
0
0
0
0
0
0
0
0
0
0
0
0
0
0
0
0
0
0
5
3
3
1
2
1
1
0
3
0
3
0
22
0
0
0
0
0
0
0
0
0
0
0
0
0
0
0
4
0
0
0
0
0
0
0
0
0
0
0
0
0
2
2
0
0
0
0
0
0
0
0
0
0
0
0
0
0
0
0
0
0
0
0
0
0
1
0
0
0
0
0
0
0
0
0
0
0
0
0
1
2
0
0
0
4
0
0
0
0
0
0
0
0
0
0
0
0
0
0
0
0
0
0
0
0
0
0
0
0
0
0
0
0
0